outputs:
3082773140
2378860261
4221202509
411795081
2134997560
1213018591
1819775237
263825906
2684581947
584293762
3570188368
3778987299
1374597581
2109080881
3881833388
2106900649
841536810
1215593255
1997229931
3737435754
2876803586
1386108012
335829797
4056455774
3581875426
2171656859
2945127584
3213718331
3234254833
3541031188
1776739279
1939154943
3537389688
214179824
1933532403
2394846643
3490154200
4085460677
4197387161
4072008695
147629534
848245155
4159721622
2474820755
765790260
2340781705
3521897152
1439550639
654070305
2821395879
1088307867
2352857055
2208530943
3542298495
1126511627
4189474206
1347883708
564575607
1926259141
9384079
2129190021
4003768683
1402288641
3090499149
2096466681
3295336632
1344582221
3354522764
3661522838
723161215
4058364628
3914982049
1357081966
4136878871
2260706193
2017375847
222350712
4082623818
635374871
1149219556
3361470919
4085387718
4106329341
3125566746
4234844748
1395225718
1477276437
2054600780
3245181708
3844112215
2185577128
1620841362
2726559356
3680898958
589310492
2978614610
1747815842
1636980536
268955493
3171057283
2998243810
2141897548
2162580608
425506425
1987909601
156261073
3831878219
1804494078
1820855316
1127761571
1675254678
3461468107
2423276520
453405594
2590950750
3316277649
1139372396
919865689
1595466546
2510661831
2228082260
2011745077
1349515549
2176830849
2644951069
898849662
611823313
2958725369
2028314813
4029023184
376065278
2799448103
4168950581
4216054671
2666747160
4030526390
2305067672
877880204
2450733345
1488271144
4251498422
594989738
1458447673
3293891918
4173901821
796048884
880715738
127140995
3572171821
3724788369
2736388863
1216203323
4122460503
1605591602
2812134815
3034261476
921576540
1013901082
3242230263
372105020
323391768
1780634734
2986233699
1223266165
1585156993
460004303
4090984615
1724827172
3039998153
1963872638
1235579673
2853302748
1990394021
3053232007
1527805432
2765516068
3259800066
3420798323
2204283599
3383825540
3444001374
2642294589
3609552009
3884616250
2430383098
3143869802
2286093559
625231506
2748504448
860180033
2126401512
929705985
2752235108
54960867
2388253186
2734584583
2805644555
739924156
3296465144
68084526
2448090754
1973934071
1526801415
1769030797
1698168882
3510453628
1298884693
1661549055
3918579626
4040788946
1118401852
3084755718
3056008319
1707308444
3425876320
1055679463
839494398
289975906
2756952366
1467804097
492161637
2397869196
199857236
1475976776
2430173803
3152027225
705290950
1334441474
4115173985
3668507922
3646505236
1762451475
179268718
1208250999
4215111920
928896235
380660828
1445955027
1123792331
2542300417
1727208770
612851068
4154064550
4198418662
2767153156
4020904974
4079452676
688502406
1903612318
1407440229
1164075135
3833731684
964876353
2210632664
1020830757
2666207457
606781026
380665076
1530808738
811751859
3377825251
3234142955
3103783906
2610770083
728129305
1984302317
4143516165
2050449678
318057039
1699224921
3858396885
1268210241
3058675610
273672595
1026712838
3899974550
1983583418
3924154306
542005636
1928287016
1171908771
1844165984
3972653423
2736530440
1884449263
2367866021
481294193
4261107271
3112158335
4227232077
3468492405
3504528537
880306989
3971469790
4061624215
4093196344
1981362830
2234558112
550879420
3928284719
2741767461
1436801853
240967709
1237580251
4096860437
1552058960
638077442
3230202959
3878311097
2612768720
951424485
2253285600
2632853239
3602188166
2924502533
2859572702
1707450619
403834817
52708332
2736943888
3259757917
655819727
3611352334
2402100102
1149132535
1417520180
746525660
2479922782
329581894
3506994306
1524055165
772092139
253690038
2927447957
2787204299
2383989498
109389110
1094884875
520439212
2133364517
2174502667
3138036558
3699150989
1663228231
1310191184
1510579166
1352503497
1767705667
4263561750
909732920
1218864618
3871226801
702799628
1504698490
4246895500
133567175
1819624954
2743660830
1212308037
3217156872
2728721710
3109627754
1697260519
3136165113
1906821190
294369836
221707143
541809682
831902340
2352556815
2851702105
1809179326
4207570863
1799499876
2437845220
650772096
973665364
1795074674
3027270691
434701617
440725209
2282245937
2796024696
4003027388
4108248833
2581757027
133592019
2413979512
3941326152
616843552
2254853611
4278762622
1690076395
3388652655
3101032465
2259666929
3511978762
3285105231
1390635735
1452711723
855326008
534182983
2947064767
414304177
2482489638
3021037671
2569138885
1309238991
471378382
2334820765
2864436177
3364556251
3920503149
2408318449
913669994
2850201839
3358911106
1641301879
2320891389
1818071579
1999400308
724266837
717436212
3302719428
2018036955
245363012
3112957752
1486784765
4104893958
3137293810
3563993541
3701844825
3751750022
319384095
2393917294
2033563862
1296245841
1411887439
2989791122
3209608441
1278479463
1247353495
4194785882
1071640032
3304337317
722494261
2518520565
2889360032
4192820798
3843250665
1343189540
3825477391
1236702660
3498683341
1127558910
3017085156
1621735268
2994971302
3199533403
824313341
110793466
3037876235
1332039005
2411977095
1279101925
2607253959
284313574
1325660573
354518051
3267519526
4037149736
2333959779
4279944799
1374564953
4285188900
1722371405
3390567706
1020947861
3218105773
3000681157
738836944
1825973308
49748189
1364717167
4215453740
3427293228
2807400227
2507769936
3980713877
1340819913
4192782293
1275443304
3766125643
1083598453
3772421400
2892656761
1709168814
124613108
4035534681
3727646398
2529633213
1165573585
4272264744
2533885745
554205571
2709893554
595596749
3016398936
3377974700
3459009573
826740069
986424979
335777880
989879408
1897744550
4198467825
593748069
1665986777
4126844901
4116513481
875756683
415190272
3585870191
4253528878
3280082301
2917776719
4039129197
321642901
3015334367
1437812420
3611072465
929608431
474281168
2869151328
527410563
3864023966
4253116258
1999881014
1310333996
795161337
949361126
1438808429
1361576168
2112588321
1697026031
2816476981
2006483478
3412507275
2667797
3642091078
846897848
862239975
693775188
2828324705
2142820514
2901110173
2318218424
2174787964
1050852749
2827732817
63338311
3348810830
2854238115
387741539
4220133576
3557969600
2531206476
1305802117
1956010929
2088104093
3863237305
1605404210
3583704221
2358457719
3569288375
3744754097
3493303061
2097779552
1336231209
2737733977
3804384184
1250096749
750241712
505383046
2164632345
1846472783
1176746583
1679453503
1211897478
360449070
741143226
2390946196
2594659558
3792857370
2501144872
3598702088
1940005519
1514724177
3495948029
2307220817
3484782087
3377728769
2722209616
1991309551
755876233
1238084032
1968207742
1895449839
3370673561
921208322
3070549305
233354779
4228866612
3228900884
1410120253
3206807050
3060780652
1705765929
2537900604
487477332
1902979663
2139221972
3809238867
826632307

cipher_hex:
a51c0e45616bf58e01db9fdd141c918bfdb24d5d79152db88cba84cedcd4e790025569070b5da68416c6c432f654dd20268809eeac6bbc28a06a632576907d53e88913953a32a41740ade4a0f3fbbab6671d0a5c42a807ecc329
